claim_id	claim_text	research_axis	evidence_status	date	task_episode	run_id	profile	source_path	raw_evidence_path	git_commit	design_id	configuration	command	exit_code	metric	negative_evidence	rollback_or_rejection	claim_boundary	reproducibility	paper_section	notes
C24	RV32 SoC 阶段把 npc/sim、single/soc 后端、ysyxSoCFull、AM 地址图与 NEMU reference 接成同一 target/reference 闭环，并在新增 char-test 后达到 cpu-tests 39/39 DiffTest	工程演进；SoC 集成	SUPPORTED	2026-05-23—2026-05-24	rv32-ysyxsoc-target-reference	2026-05-23-npc-single-soc-split | 2026-05-23-am-ysyxsoc-platform | 2026-05-24-b2-ysyxsocfull-cache	npc-soc | difftest	.github/task-runs/2026-05-23-npc-single-soc-split/task-report.md | .github/task-runs/2026-05-23-am-ysyxsoc-platform/task-report.md | .github/task-runs/2026-05-24-b2-ysyxsocfull-cache/task-report.md	.github/task-runs/2026-05-23-am-ysyxsoc-platform/task-report.md | .github/task-runs/2026-05-24-b2-ysyxsocfull-cache/task-report.md	-	-	riscv32-ysyxsoc；MROM 0x20000000；SRAM 0x0f000000..0x0f001fff；npc/sim BACKEND=soc	见 task-report 中 cpu-tests、soc-run 与 DiffTest 命令	0	cpu-tests 39/39 DiffTest；char-test UART；mem-test GOOD TRAP at pc=0x200002c6	ysyxSoC VGA/PS2/GPIO 仍为空壳；部分 full TB 受既有 UART 期望阻塞	single/soc 目录与入口分离；平台专属改动未残留到 single	只证明 Verilator/AM/NEMU 仿真闭环，不证明 ChipLink、FPGA 或物理芯片	task-report 保存路径、命令、地址图和结果	工程二：RV32 SoC	39/39 是给定 cpu-tests 集合，不是完整 SoC 功能覆盖
C25	NPC RV64 后端先形成无 DiffTest 的 38/38，NEMU 补齐 RV64 reference 后再形成 40/40 与 CoreMark DiffTest	工程演进；target/reference	SUPPORTED	2026-05-29—2026-05-30	rv32-to-rv64-target-reference	2026-05-29-npc-rv64-backend | 2026-05-30-rv64-nemu-difftest	npc | difftest	.github/task-runs/2026-05-29-npc-rv64-backend/task-report.md | .github/task-runs/2026-05-30-rv64-nemu-difftest/task-report.md	.github/task-runs/2026-05-29-npc-rv64-backend/task-report.md | .github/task-runs/2026-05-30-rv64-nemu-difftest/task-report.md	-	-	ARCH=riscv64-npc；npc/sim BACKEND=rv64；前一冻结点 DiffTest/cacheable off；后一冻结点 NEMU RV64 interpreter-so	见两个 task-report	0	38/38 无对拍；40/40 DiffTest；CoreMark PASS；cycles=1915750807；commits=318393507	首个冻结点明确缺 RV64 NEMU reference；RV64B/RV64C、cache、Linux 与 PPA 仍需独立门禁	未把 38/38 改写成 DiffTest；补 reference 后重新验收	支持两个冻结点的能力差异，不证明完整 ISA、Linux、性能最优或可流片	两个 task-report 可按命令和结果回查	工程三：从 RV32 到 RV64	跨冻结点数字不用于证明持续性能提升
C26	真实 OpenSBI v1.8 在 NPC RV64 上完成 hartid/DTB 的 S-mode handoff，mini payload 打印 S 并 GOOD TRAP	工程演进；固件交接	SUPPORTED	2026-05-30	rv64-opensbi-mini-handoff	2026-05-30-rv64-linux-handoff | 2026-05-30-rv64-opensbi-mini-boot	rv64-linux	.github/task-runs/2026-05-30-rv64-linux-handoff/task-report.md | .github/task-runs/2026-05-30-rv64-opensbi-mini-boot/task-report.md	.github/task-runs/2026-05-30-rv64-linux-handoff/task-report.md | .github/task-runs/2026-05-30-rv64-opensbi-mini-boot/task-report.md	-	-	真实 OpenSBI + embedded DTB + S-mode mini payload	见 smoke-opensbi 与 linux-handoff 命令	0	AM handoff 4/4；OpenSBI v1.8 banner；payload S；GOOD TRAP	没有运行 Linux kernel/rootfs；mini payload 不代表完整 SBI 或设备栈	错误 FW_TEXT_START、semihost ebreak 与 FDT lw 符号扩展问题分别修正	只证明固件到 mini S-mode payload 的交接，不证明 Linux 或 Ubuntu	两个 task-report 保存根因链、命令和输出	工程四：RV64 系统软件	固件门与 Linux/Ubuntu 门保持分层
C01	2026 年 4 月的记录已包含本地 RTL 生成、study recall、子代理与 review/task-run；后续月份才逐步扩展 design-id、mutation 与 evidence-index 等证据约束。	纵向观察	OBSERVATIONAL_ONLY	2026-04—2026-07	longitudinal-evolution	2026-04-13-rv32i-nonpipe-core | 2026-07-23-rv64-v9o-control-event-current-design	-	.github/task-runs/2026-04-13-rv32i-nonpipe-core/task-report.md | .github/task-runs/2026-07-23-rv64-v9o-control-event-current-design/task-report.md	.github/task-runs/2026-04-13-rv32i-nonpipe-core/task-report.md | .github/task-runs/2026-07-23-rv64-v9o-control-event-current-design/evidence-index.md	-	-	不同月份、任务、模型与工具同时变化	-	-	早期仅 lint；后期出现 design-id、mutation、evidence index	-	-	这是工作流演进的时间线观察；不把 4 月简化为纯一次性代码生成，也不声称各机制首次出现的精确日期已由受控实验确认。	引言；纵向案例	只描述共现与演化，不作模型或流程的独立因果归因	按独立抽查收紧措辞，避免把早期环境误写成纯 one-shot。
C02	反馈闭环在因果上优于单次 Prompt	RQ1；RQ4	MISSING	-	future-controlled-study	-	-	-	-	-	-	尚无同模型、同快照、同任务、同预算对照	-	-	无 B0—B3 受控结果	-	-	待按 experiment-plan.md 复现	研究问题；未来实验	本文只将其作为可证伪假设	受控实验尚未执行；状态保持 MISSING。
C03	分层可执行门禁在若干案例中揭露了局部通过但工程未完成	RQ1；RQ4	SUPPORTED	2026-05—2026-06	layered-gate-counterexamples	2026-05-29-ooo-cpi-645-iq-fix | 2026-06-29-rv64-ooo-core-architecture-constitution	-	.github/task-runs/2026-05-29-ooo-cpi-645-iq-fix/task-report.md | .github/task-runs/2026-06-29-rv64-ooo-core-architecture-constitution/report.md	.github/task-runs/2026-05-29-ooo-cpi-645-iq-fix/task-report.md | .github/task-runs/2026-06-29-rv64-ooo-core-architecture-constitution/report.md	-	-	focused、module、riscv-tests、AM	见各报告命令	per-command；见报告	branch+ret focused PASS 后 UNOPTFLAT；spec-on 为 255/16 与 25/32	聚合回归和结构检查否定局部结论	候选被撤回或模式回到 0	只覆盖已记录的反例，不能推出所有假完成都能被检测	报告含命令、计数与回退后结果	失败模式；案例研究	“SUPPORTED”限定为这些案例确实发生
C04	可执行约束形成了降低假完成风险的机制，并在若干案例中生效	RQ1	PARTIALLY_SUPPORTED	2026-05—2026-07	risk-control-mechanism	multiple	-	.github/task-runs/2026-05-29-ooo-cpi-645-iq-fix/task-report.md | .github/task-runs/2026-07-23-rv64-v9m-fence-ordering-current-design/task-report.md	.github/task-runs/2026-05-29-ooo-cpi-645-iq-fix/task-report.md | .github/task-runs/2026-07-23-rv64-v9m-fence-ordering-current-design/evidence/rtl-variants/summary.json	-	sha256:2eff867b20012e0c004fb03431a2f0604f22c471d0b115fd2e02eb5a51b2c8b2	纵向工程记录	-	-	候选退化、变体拒绝、full-core GAP	缺少 Prompt-only 对照和假完成率分母	候选拒绝；complete 未晋级	可称机制关闭了特定路径，不能量化总体风险下降	路径和定向证据可回查	贡献；讨论	因果效应留给 B0—B3
C05	bounded recall 能限制检索范围，并在缺少独立主焦点时失败关闭	RQ1	SUPPORTED	2026-07	bounded-recall	2026-07-23-rv64-v9n-irrevocable-write-owner-residency	github-index	.github/task-runs/2026-07-23-rv64-v9n-irrevocable-write-owner-residency/task-report.md	.github/task-runs/2026-07-23-rv64-v9n-irrevocable-write-owner-residency/task-report.md	-	-	DB-first brief	python3 scripts/github_index_db.py brief design-id --profile agent-system --focus-scope non-history	0	宽查询拒绝；独立 design-id focus 可生成 bounded brief	拒绝 no independent primary focus match	无发布	支持工具行为，不证明输出质量或 Token 效率因果改善	命令可在当前索引上重放	系统设计；方法	索引内容随仓库状态变化
C06	V9L 在指定设计身份和配置下形成了较宽的功能证据包	RQ2；RQ3	SUPPORTED	2026-07-22	functional-aggregate-v9l	2026-07-22-rv64-v9l-functional-aggregate-current-design	difftest	.github/task-runs/2026-07-22-rv64-v9l-functional-aggregate-current-design/task-report.md	.github/task-runs/2026-07-22-rv64-v9l-functional-aggregate-current-design/task-report.md | .github/task-runs/2026-07-22-rv64-v9l-functional-aggregate-current-design/architecture-current-replay.log | .github/task-runs/2026-07-22-rv64-v9l-functional-aggregate-current-design/v8l-deterministic-pass1.log | .github/task-runs/2026-07-22-rv64-v9l-functional-aggregate-current-design/am-59-postfix-v2/crc32.log	-	sha256:2eff867b20012e0c004fb03431a2f0604f22c471d0b115fd2e02eb5a51b2c8b2	module、official、AM、DiffTest、CoreMark10、Dhrystone10000	见 functional-run-descriptor.json	0	module 109/109；official 177/177；AM 59/59；DiffTest mismatch 0；CRC 0xfcaf；mutation 11/11	full-core GAP；PPA UNQUALIFIED	未晋级 full-core complete	只证明列出的测试集合与设计身份，不等于 ISA 完备、无缺陷或可流片	原始日志与结果哈希保存在 task-run	七月案例；结果	V9P 后续记录还限制了 V9L 的 liveness 外推
C07	同一 V9O 事件的 task-report 与 evidence-index 保存了不同的身份元组，说明发布快照内部存在 design/config/candidate 绑定不一致；因此不得将其中任一元组视为稳定的精确快照。	RQ2	PARTIALLY_SUPPORTED	2026-07-23	control-event-v9o	2026-07-23-rv64-v9o-control-event-current-design	npc-dev	.github/task-runs/2026-07-23-rv64-v9o-control-event-current-design/task-report.md	.github/task-runs/2026-07-23-rv64-v9o-control-event-current-design/evidence-index.md	-	sha256:08d3d8648251f8fd430d0a9bcac289335f5dfb99a0a235531766e3c7f8048c6a	live RTL 与旧 candidate 对照	见 task-report current-design 验证入口	0	live 08d3…；verification 300d3…；candidate 2eff…	旧 candidate 不能消费当前局部闭合证据	promotion=false	两份产物足以支持“发布快照不一致”这一观察，但不足以唯一确定 live、canonical 与 candidate 的精确对应关系。	task-run 含完整身份和 164 项 evidence index	系统设计；七月案例	审稿复核后由 SUPPORTED 降为 PARTIALLY_SUPPORTED；保留冲突，不择一覆盖。
C08	design-id、结果哈希、原始证据哈希和 freshness 增强了证据可追溯性	RQ2	PARTIALLY_SUPPORTED	2026-07-23	fence-v9m-owner-v9n	2026-07-23-rv64-v9m-fence-ordering-current-design | 2026-07-23-rv64-v9n-irrevocable-write-owner-residency	npc-dev	.github/task-runs/2026-07-23-rv64-v9m-fence-ordering-current-design/task-report.md | .github/task-runs/2026-07-23-rv64-v9n-irrevocable-write-owner-residency/task-report.md	.github/task-runs/2026-07-23-rv64-v9m-fence-ordering-current-design/evidence-index.md | .github/task-runs/2026-07-23-rv64-v9n-irrevocable-write-owner-residency/evidence-index.md	-	sha256:2eff867b20012e0c004fb03431a2f0604f22c471d0b115fd2e02eb5a51b2c8b2	source/result/raw/provenance SHA	见 canonical commands	0	V9M result/raw SHA；V9N dispatch 变化触发 freshness GAP	缺少并发发布、崩溃和跨设计系统化故障注入	V9N 完整重放上层聚合	只能称增强可检测性，不能称消除全部 stale/cross-design/incomplete evidence	身份与哈希可逐项回查	系统设计；威胁	原子发布因果价值待实验
C09	失败关闭发布在局部测试通过时仍保留 GAP 和 UNQUALIFIED 状态	RQ2	SUPPORTED	2026-07-23	fence-v9m	2026-07-23-rv64-v9m-fence-ordering-current-design	npc-dev	.github/task-runs/2026-07-23-rv64-v9m-fence-ordering-current-design/task-report.md	.github/task-runs/2026-07-23-rv64-v9m-fence-ordering-current-design/task-report.md | .github/task-runs/2026-07-23-rv64-v9m-fence-ordering-current-design/evidence/module-aggregate/summary.txt | .github/task-runs/2026-07-23-rv64-v9m-fence-ordering-current-design/evidence/rtl-variants/summary.json	-	sha256:2eff867b20012e0c004fb03431a2f0604f22c471d0b115fd2e02eb5a51b2c8b2	FENCE current-design	make -C npc/rv64 check-fence-ordering	0	focused 2/2；module 109/109；variants 2/2；validator 12/12	full-core 38 blockers；PPA UNQUALIFIED	promotion=false	支持该发布链的限定行为，不代表所有历史发布路径一致	任务报告和证据摘要可复核	系统设计；七月案例	FENCE-G1 CLOSED 不等于 full-core CLOSED
C10	mutation-qualified verification 能识别预先定义的一组错误实现	RQ3	SUPPORTED	2026-07-22—2026-07-23	ifu-v9i-fence-v9m-owner-v9n	multiple	-	.github/task-runs/2026-07-22-rv64-v9i-ifu-access-current-design/task-report.md | .github/task-runs/2026-07-23-rv64-v9m-fence-ordering-current-design/task-report.md | .github/task-runs/2026-07-23-rv64-v9n-irrevocable-write-owner-residency/task-report.md	.github/task-runs/2026-07-23-rv64-v9m-fence-ordering-current-design/evidence/rtl-variants/summary.json | .github/task-runs/2026-07-23-rv64-v9n-irrevocable-write-owner-residency/evidence/rtl-variants/summary.json	-	6236…；2eff…	compile-success RTL variants	见各 canonical command	0	IFU 19/19；FENCE 2/2；STORE/AMO 2/2 动态拒绝	故障集由设计者选择；可能存在等价或不可观测变体	不合格变体不发布	只对列出的非等价变体和 oracle 作结论	报告给出分母、源码不变与拒绝结果	方法；七月案例	mutation 不是完整正确性证明
C11	mutation 全部通过即可证明 oracle 充分并证明 RTL 正确	RQ3	CONTRADICTED	2026-07	oracle-weakness	known-issues	-	.github/memory/known-issues.md	.github/memory/known-issues.md	-	-	同值连接、force/release 旧值、编译成功变体	-	-	存在未改字节、不可观测连接和旧值假绿反例	这些反例直接否定强主张	弱 oracle 必须修订	Mutation 只是指定故障模型中的辨识证据	通过 DB stored document 可回查	有效性威胁	等价 mutant 不得计入 mutation score 分母
C12	反馈循环和回滚机制在具体优化中拒绝了可观测回归	RQ4	SUPPORTED	2026-05—2026-06	rollback-cases	2026-05-29-ooo-cpi-645-iq-fix | 2026-06-29-rv64-ooo-core-architecture-constitution	-	.github/task-runs/2026-05-29-ooo-cpi-645-iq-fix/task-report.md | .github/task-runs/2026-06-29-rv64-ooo-core-architecture-constitution/report.md	.github/task-runs/2026-05-29-ooo-cpi-645-iq-fix/task-report.md | .github/task-runs/2026-06-29-rv64-ooo-core-architecture-constitution/report.md	-	-	AM add；riscv-tests；AM；module TB	见报告	per-command；见报告	双 memory CPI 0.645→0.665；spec-on 255/16、25/32；回退 271/0、113/113	候选违反既定门禁	恢复单 memory；mode=0	只支持这些候选在这些 workload 和门禁下被拒绝，不证明最终方案全局最优	计数和回退验证均在报告	五月/六月案例；安全搜索	局部 ROB-walk PASS 没有修复前端/JALR 死锁
C13	反馈、分层验证和回滚构成比单次生成更安全的搜索框架	RQ4	PARTIALLY_SUPPORTED	2026-05—2026-07	safe-search-framework	multiple	-	.github/task-runs/2026-05-29-ooo-cpi-645-iq-fix/task-report.md | .github/task-runs/2026-06-29-rv64-ooo-core-architecture-constitution/report.md	.github/task-runs/2026-05-29-ooo-cpi-645-iq-fix/task-report.md | .github/task-runs/2026-06-29-rv64-ooo-core-architecture-constitution/report.md	-	-	纵向案例	-	-	多个坏候选未留在接受状态	缺少固定预算的单 Prompt 对照	候选被拒绝或回滚	可作为系统设计命题，不能写成普遍因果定理	案例路径可复核	讨论；未来实验	需要 B0—B3 和组件消融
C14	5ns PPA proxy 在其约束模型下得到 top40 40/40 MET 和最差正裕量 +0.017907454ns	PPA 边界	SUPPORTED	2026-07-14	t4i-proxy	2026-07-14-rv64-t4i-standard-axi-lanes	yosys-sta	.github/task-runs/2026-07-14-rv64-t4i-standard-axi-lanes/task-report.md	.github/task-runs/2026-07-14-rv64-t4i-standard-axi-lanes/evidence/opensta-fresh-t4i-final/opensta-current-check-setup.txt	-	-	典型 liberty；ideal clock；placeholder macro；5.000ns	见 T4I task-report	0	top40 40/40 MET；worst +0.017907454ns	303 input、1873 output delay 缺失；1875 unconstrained endpoints；无 SPEF/CTS/OCV	不作为物理 promotion	仅为冻结 RTL 的 gate-level proxy 筛选结果	报告、STA setup 与计数均可回查	七月案例；PPA 限定	17.907ps 仅占 5ns 的 0.36%
C15	上述 PPA proxy 证明设计达到 200MHz 物理签核要求	PPA 边界	CONTRADICTED	2026-07-14	t4i-proxy	2026-07-14-rv64-t4i-standard-axi-lanes	yosys-sta	.github/task-runs/2026-07-14-rv64-t4i-standard-axi-lanes/task-report.md	.github/task-runs/2026-07-14-rv64-t4i-standard-axi-lanes/evidence/opensta-fresh-t4i-final/opensta-current-check-setup.txt	-	-	非签核代理约束	-	0	-	缺 I/O delay、未约束端点、理想时钟、无寄生/CTS/OCV、占位宏	PPA UNQUALIFIED	不得使用签核、可流片或板级达标表述	同 C14	有效性威胁；结论	强主张被直接反证
C16	Yosys 日志证明指定 RTL 快照完成通用结构展开并给出结构统计	EDA 结构审计	SUPPORTED	2026-07-15	r3p4-light-yosys	2026-07-15-rv64-ppa-architecture-recovery	yosys-sta	.github/task-runs/2026-07-15-rv64-ppa-architecture-recovery/task-report.md	.github/task-runs/2026-07-15-rv64-ppa-architecture-recovery/evidence/ppa-r3p4-alu-terminal/light-yosys/yosys.log	31e90c679050a3a9138c967151b240f0fa2ab158	-	Yosys 0.66+197；generic RTL structure	见 task-run runner	0	18115 wires；296118 bits；14645 cells；507 dff；6768 mux；1568 pmux；76 unique warnings；24.82s	无目标库映射、布局布线或物理时序	仅作为结构审计	不支持映射面积或频率结论	原始日志保留 End of script 和统计	七月案例；结构审计	warning 数是审计线索，不等于失败数
C17	该 Yosys 日志证明映射面积或时序已经优化	PPA 边界	CONTRADICTED	2026-07-15	r3p4-light-yosys	2026-07-15-rv64-ppa-architecture-recovery	yosys-sta	.github/task-runs/2026-07-15-rv64-ppa-architecture-recovery/task-report.md	.github/task-runs/2026-07-15-rv64-ppa-architecture-recovery/evidence/ppa-r3p4-alu-terminal/light-yosys/yosys.log	31e90c679050a3a9138c967151b240f0fa2ab158	-	generic cells	-	0	-	无目标工艺、面积单位、STA 或布局布线	保持 PPA UNQUALIFIED	generic cell 数不能替代映射 PPA	同 C16	有效性威胁	强主张无证据
C18	NEMU 在指定镜像和配置下挂载 Ubuntu 22.04 ext4 rootfs 并进入 /bin/sh	系统里程碑	SUPPORTED	2026-06-04	nemu-ubuntu-rootfs	2026-06-04-riscv64-nemu-ubuntu2204	rv64-linux	.github/task-runs/2026-06-04-riscv64-nemu-ubuntu2204/task-report.md	Linux/env/logs/linux-front/riscv64-nemu-ubuntu-rootfs-virtio-8b/console.log	-	-	ARCH=riscv64-nemu；BOOT=ubuntu-rootfs	make -C Linux ARCH=riscv64-nemu run	0	vda 2GiB；EXT4 mounted；Ubuntu 22.04.5；/bin/sh -c exit=0；shell prompt	单次启动不覆盖全部设备、服务与长期稳定性	-	可称进入 shell 的里程碑，不称完整平台全部可用	原始 console marker 可回查	六月案例侧栏	日志包含无 tty/job control 提示
C19	2026-06-15 的 NPC run 已完整启动 Ubuntu 并进入可交互用户空间	系统里程碑	CONTRADICTED	2026-06-15	npc-ubuntu-rootfs	2026-06-15-npc-ubuntu-current-direct	rv64-linux	.github/task-runs/2026-06-15-npc-ubuntu-current-direct/task-report.md	.github/task-runs/2026-06-15-npc-ubuntu-current-direct/evidence/npc-rv64-linux-rootfs-mount-smoke-script/console.log	-	-	340M rootfs mount + systemd banner smoke	见 task-report	0	VFS root；systemd PID1；Ubuntu banner；hostname marker	没有 root@ prompt 或 __NPC_SYSTEMD_CHECK_DONE__ rc=0	保留 hard-gate GAP	只支持该历史 run 的 rootfs mount 与 systemd/banner 阶段性里程碑；不否定后续 NPC 进展	原始 console 可回查	六月案例侧栏	不能与 NEMU /bin/sh 或七月 A3 系统事务证据写成同一层级
C20	不同阶段的 CPI 和 CoreMark 数字可以直接证明四月至七月设计持续变快	性能可比性	CONTRADICTED	2026-05	performance-comparability	2026-05-29-ooo-cpi-645-iq-fix | 2026-05-30-rv64-coremark-cpi	-	.github/task-runs/2026-05-29-ooo-cpi-645-iq-fix/task-report.md | .github/task-runs/2026-05-30-rv64-coremark-cpi/task-report.md	.github/task-runs/2026-05-29-ooo-cpi-645-iq-fix/task-report.md | .github/task-runs/2026-05-30-rv64-coremark-cpi/task-report.md	-	-	不同 workload、设计快照与测量阶段	见各报告	0	各 episode 内有局部数字	分母、workload、设计和阶段定义不一致	禁止拼接统一趋势线	只能在完全匹配配置内逐案例比较	原报告可回查	方法；有效性威胁	6.017→0.779 是 phase metric，不与 0.645 横比
C21	OooPendingDrainResolveGate 在三个不可变 Git 快照中从基本后端排空演化为退休侧存储静默，并进一步为 ordinary FENCE 增加完整内存 owner 静默	纵向模块演化	SUPPORTED	2026-06-28—2026-07-23	pending-drain-three-snapshot-evolution	2026-06-28-npc-rv64-ooo-perf-opt | 2026-07-13-rv64-t3i-drain-retire-redundancy | 2026-07-23-rv64-v9m-fence-ordering-current-design	-	npc/rv64/vsrc/control/OooPendingDrainResolveGate.v | docs/research-paper/module-evolution-evidence.md	.github/task-runs/2026-06-28-npc-rv64-ooo-perf-opt/campaign-report.md | .github/task-runs/2026-07-13-rv64-t3i-drain-retire-redundancy/task-report.md | .github/task-runs/2026-07-23-rv64-v9m-fence-ordering-current-design/evidence/rtl-variants/summary.json	0bb371593315afe507752dc134cabf122ed9751c | 8532bad0794cb34199c8adf49b080e1773b1f16f | c29532ead32bf2a268b821cef9665a44aec58f9f	sha256:2eff867b20012e0c004fb03431a2f0604f22c471d0b115fd2e02eb5a51b2c8b2	三个不可变 Git 文件快照；快照 C 绑定 V9M current-design	git show/git diff；精确命令见 module-evolution-evidence.md	逐命令；见各报告	文件 SHA e0ac…8c7→574f…28f→6be3…8b6；快照 B 2176 cases；快照 C focused 2/2、module 109/109、variants 2/2	快照 A 无谓词级负向 oracle；快照 B 两种 theorem mutation；快照 C 两份 compile-success RTL variant	T3I 两种 proof bypass 与 V9M 两份 RTL 变体均被拒绝	支持源码合同的精确纵向演化和指定 oracle 辨识力；不支持单条件性能因果、全状态空间或全核正确性	docs/research-paper/module-evolution-evidence.md	七月单模块三快照演化；有效性威胁	快照之间存在 LSQ/SQ、pending event 与其他模块的并行变化，不是受控消融
C22	NPC A3 在 design-id c1b531… 上完成了可回查的 Ubuntu 22.04 系统事务：OpenSBI、Linux、vda/ext4、systemd/root context、virtio 读写与 IRQ、自然关机和 system-reset clean exit	系统里程碑；RQ1；RQ2	SUPPORTED	2026-07-27—2026-07-28	npc-v10e-a3-19h-system-transaction	2026-07-27-rv64-v10e-current-design-system-recert | 2026-07-28-rv64-v10f-a3-checker-replay-v2	manual-systemd-strict | rv64-systemd-contract	.github/task-runs/2026-07-27-rv64-v10e-current-design-system-recert/completion-definition.md | docs/research-paper/ubuntu-19h-milestone-evidence.md	.github/task-runs/2026-07-27-rv64-v10e-current-design-system-recert/rootfs-c1b531-systemd-strict-6b-a3/guest/console.log | .github/task-runs/2026-07-27-rv64-v10e-current-design-system-recert/rootfs-c1b531-systemd-strict-6b-a3/systemd-transaction-evidence.json | .github/task-runs/2026-07-28-rv64-v10f-a3-checker-replay-v2/evidence/replay-verdict.log	-	sha256:c1b5317212bfe47e507eac83a28dff405527f50493e3709e96ffbec2dc3bb594	6B max cycles；OOO_CSR_QUEUE_HEAD=1；OOO_ASSERT=1；OOO_TERMINAL_HOLDER_ASSERT=1；UART RX 0 byte；2 GiB 隔离 rootfs	.github/task-runs/2026-07-27-rv64-v10e-current-design-system-recert/run-v10e-current-design-systemd-strict.sh | python3 scripts/github_index_db.py evidence --run-id 2026-07-28-rv64-v10f-a3-checker-replay-v2 --json	source rc=1；simulator system-reset code=0；frozen replay PASS	墙钟约 19h14m43s；sim host 18h48m22s；5,071,521,696 cycles；1,223,536,213 commits；CPI 4.145；strict 16/17；terminal 6/6	live dmesg gate 将 printk: debug 误判为 BUG；strict done rc=1；A4 被 TERM 中断	原始 FAIL 保留；replay 为 APPROVED_NOT_PROMOTION_ELIGIBLE；architecture GAP；PPA UNQUALIFIED	支持该冻结 design-id 上的 guest 系统事务和 oracle 假阳性诊断；不支持 raw 17/17 recert、更新后 RTL 等价结果或架构/PPA 晋级	docs/research-paper/ubuntu-19h-milestone-evidence.md	七月 Ubuntu 十九小时里程碑；有效性威胁	“十九小时”是宿主流水线/仿真耗时，不是 guest 连续运行十九小时
C23	A3 可以被计为 raw 17/17 current-design system recertification PASS，并据此完成架构冻结或 PPA 资格	系统里程碑；发布边界	CONTRADICTED	2026-07-28	npc-v10e-a3-promotion-boundary	2026-07-27-rv64-v10e-current-design-system-recert | 2026-07-28-rv64-v10f-a3-checker-replay-v2	rv64-systemd-contract	.github/task-runs/2026-07-27-rv64-v10e-current-design-system-recert/completion-definition.md | docs/research-paper/ubuntu-19h-milestone-evidence.md	.github/task-runs/2026-07-27-rv64-v10e-current-design-system-recert/rootfs-c1b531-systemd-strict-6b-a3.status | .github/task-runs/2026-07-27-rv64-v10e-current-design-system-recert/rootfs-5f9dd068-systemd-strict-6b-a4.status | .github/task-runs/2026-07-28-rv64-v10f-a3-checker-replay-v2/evidence/replay-verdict.log	-	sha256:c1b5317212bfe47e507eac83a28dff405527f50493e3709e96ffbec2dc3bb594	A3 live status + frozen-oracle replay + A4 status	见 C22	A3 rc=1；A4 rc=143；replay PASS but not promotion eligible	16/17、source FAIL preserved、A4 INTERRUPTED_NOT_PASS、architecture GAP、PPA UNQUALIFIED	原始状态和独立 reviewer 直接否定强主张	禁止把 oracle replay 改写为新 live run，也禁止从系统事务外推 architecture/PPA signoff	可按 C22 的证据文档逐项复核	七月 Ubuntu 十九小时里程碑；结论边界	系统行为完成与交付门通过是两个不同命题	冻结 replay 不覆盖 source FAIL，也不授权架构或 PPA 晋级。
C27	冻结 canonical design-id 337de8bf…a6968 的 production RTL inventory 为 146；同一身份达到 ARCH_STABLE 与 PERF_BASELINE，L0–L3 分层验证通过，CoreMark 与 Dhrystone 各三次 bit-exact，且 stats-on/off 的 cycles/retired 一致。	当前架构；性能基线；RQ1；RQ2	SUPPORTED	2026-08-07	rv64-v15q-current-performance-and-layered-signoff	2026-08-07-rv64-v15q-performance-baseline-current-337-a2 | 2026-08-07-rv64-v15q-mini-system-current-337de8bf-a2 | 2026-08-07-rv64-v15q-lightweight-linux-current-337de8bf-a1	arch-stable | performance-baseline | layered-system	npc/rv64/eval/ppa/evidence/layered-system-signoff-current.json | npc/rv64/eval/ppa/evidence/performance-baseline-current.json	.github/task-runs/2026-08-07-rv64-v15q-performance-baseline-current-337-a2/performance-baseline-current.status | .github/task-runs/2026-08-07-rv64-v15q-performance-baseline-current-337-a2/evidence/performance-baseline-current/result.json	-	sha256:337de8bf9bb72a57ab50570313521cd282c49f88df9cb88417c47673af4a6968	冻结 simulator；CoreMark10；Dhrystone10000；每 workload 三次 stats-on、一次 stats-off；同身份 L0–L3	npc/rv64/eval/ppa/run-performance-baseline-current.sh；分层入口见 layered-system-signoff-current.json	0	production RTL=146；L0 module 113/113；L1 AM 61/61、module 113/113、official 177/177、DiffTest mismatch=0；L2/L3 PASS；CoreMark 5262868/3183617/CPI 1.653109654836；Dhrystone 9751462/4250000/CPI 2.294461647059；stats-on/off match	PPA=UNQUALIFIED；promotion=false；完整 Ubuntu 22.04 未在该 cohort 运行	不以历史日志替代该冻结 cohort，也不把分层功能 PASS 推广为 PPA PASS	只支持所列 ARCH_STABLE、PERF_BASELINE 与 L0–L3；不证明 CPI 已优化、PPA 已签核或可选 Ubuntu 已完成	canonical JSON、状态、原始日志路径和哈希均可回查	工程五：可审计 CPI/PPA 优化入口	C27–C29 共同绑定 337 canonical；不与历史 f7a/093c 数字拼接
C28	冻结 337 design-id 的 CPI stack 在两个 workload 上均给出 memory_latency→request_outstanding→axi_write_response 的嵌套驻留层级；unknown=0，但该层级不授权唯一根因或 production RTL 候选。	性能诊断；CPI 因果边界	SUPPORTED	2026-08-07	rv64-v15q-current-cpi-stack	2026-08-07-rv64-v15q-performance-baseline-current-337-a2 | canonical optimization selector	performance-baseline | optimization-selector	npc/rv64/eval/ppa/evidence/performance-baseline-current.json | npc/rv64/eval/ppa/evidence/optimization-slice-current.json	.github/task-runs/2026-08-07-rv64-v15q-performance-baseline-current-337-a2/evidence/performance-baseline-current/result.json | npc/rv64/eval/ppa/evidence/optimization-slice-current.json	-	sha256:337de8bf9bb72a57ab50570313521cd282c49f88df9cb88417c47673af4a6968	canonical PERF_BASELINE；cycle/slot/lifecycle/request-detail conservation	npc/rv64/eval/ppa/run-performance-baseline-current.sh | npc/rv64/eval/ppa/run-optimization-slice-selector.sh	0	CoreMark memory/request/B=2414173/995957/551102；Dhrystone=6550362/3910144/2370000；unknown=0	三个数字是嵌套驻留，不能相加；H1 敏感性不等于唯一 production 根因	production RTL candidate、PPA 与 promotion 均未授权	只支持定位入口与竞争解释；不支持唯一根因、可归因 RTL 改善或 PPA 改善	canonical baseline、Selector 输入绑定和日志路径可重算	工程五：可审计 CPI/PPA 优化入口	这些值直接来自 PERF_BASELINE cpi_stack，不冒充独立事务数
C29	冻结 337 design-id 的 owner-timing A/B 通过重复性、非干扰和守恒检查；受控增加两个 B-response 周期后，两个 workload 的 retired 不变且 cycles 可重复增加，从而只授权 H1 作为下一分析方向；canonical Selector 仅选择 5 ns 违例路径聚类，不授权 production RTL、PPA 或 promotion。	可观察性；因果诊断；有界晋级	SUPPORTED	2026-08-07	rv64-v15q-owner-timing-sensitivity-selector	2026-08-07-rv64-v15q-owner-timing-current-337-a2 | 2026-08-07-rv64-v15q-owner-timing-causal-analysis-current-337-a1 | 2026-08-07-rv64-v15q-owner-b-latency-sensitivity-current-337-a1 | canonical optimization selector	owner-timing | causal-analysis | sensitivity | optimization-selector	.github/task-runs/2026-08-07-rv64-v15q-owner-timing-current-337-a2/evidence/owner-timing-workload-ab/result.json | .github/task-runs/2026-08-07-rv64-v15q-owner-timing-causal-analysis-current-337-a1/evidence/owner-timing-causal-analysis/result.json | .github/task-runs/2026-08-07-rv64-v15q-owner-b-latency-sensitivity-current-337-a1/evidence/owner-b-latency-sensitivity/result.json | npc/rv64/eval/ppa/evidence/optimization-slice-current.json	.github/task-runs/2026-08-07-rv64-v15q-owner-timing-current-337-a2/owner-timing-workload-ab.status | .github/task-runs/2026-08-07-rv64-v15q-owner-timing-causal-analysis-current-337-a1/owner-timing-causal-analysis.status | .github/task-runs/2026-08-07-rv64-v15q-owner-b-latency-sensitivity-current-337-a1/owner-b-latency-sensitivity.status	-	sha256:337de8bf9bb72a57ab50570313521cd282c49f88df9cb88417c47673af4a6968	三次同身份 owner A/B；diagnostic-only +2-cycle B-response intervention；canonical Selector	npc/rv64/eval/ppa/run-owner-timing-workload-ab.sh | npc/rv64/eval/ppa/run-owner-b-latency-sensitivity.sh | npc/rv64/eval/ppa/run-optimization-slice-selector.sh	0	owner B completed=144201/600000、mean=4.000/4.000；CoreMark cycles 5262868→5502804、delta 239936；Dhrystone 9751462→10951411、delta 1199949；retired 不变；stale_refs=[]；decision=SELECT	初次分析为 H1_H2_COUPLED/RESEARCH_REQUIRED；causal_status=HYPOTHESIS_NOT_PROVEN；5 ns timing hard gate FAIL	production_rtl_change_authorized=false；optimization_candidate_authorized=false；ppa_qualified=false；promotion_eligible=false	支持 B-response 延迟敏感性和下一分析动作；不支持 H1 唯一根因、生产 RTL 收益或 PPA 晋级	四份 result/current JSON、状态与三次日志路径可逐项复核	工程五：可审计 CPI/PPA 优化入口	owner 输入 manifest=148 条目；canonical production RTL inventory=146，二者口径不同
C30	前一轮 owner-timing workload A/B 完成两个 workload、baseline/ARCH_STABLE 前后检查与清理；CoreMark 各次出现 1176、Dhrystone 各次出现 49993 个非法身份事件，task-run 因 owner complete=0 保持 FAIL 并拒绝生成收据。	负向诊断；失败关闭；RQ3	SUPPORTED	2026-08-04	rv64-v14q-owner-timing-workload-ab-invalid-capture	2026-08-04-rv64-v14q-owner-timing-workload-ab-v1 | 2026-08-04-rv64-v14q-owner-timing-invalid-probe-replay-v3	owner-timing	.github/task-runs/2026-08-04-rv64-v14q-owner-timing-workload-ab-v1/owner-timing-workload-ab.status | .github/task-runs/2026-08-04-rv64-v14q-owner-timing-invalid-probe-replay-v3/owner-timing-invalid-probe-replay.status	.github/task-runs/2026-08-04-rv64-v14q-owner-timing-workload-ab-v1/evidence/owner-timing-workload-ab/receipt-build.log | .github/task-runs/2026-08-04-rv64-v14q-owner-timing-workload-ab-v1/evidence/owner-timing-workload-ab/logs/coremark-owner-timing-rep1.log | .github/task-runs/2026-08-04-rv64-v14q-owner-timing-workload-ab-v1/evidence/owner-timing-workload-ab/logs/coremark-owner-timing-rep2.log | .github/task-runs/2026-08-04-rv64-v14q-owner-timing-workload-ab-v1/evidence/owner-timing-workload-ab/logs/coremark-owner-timing-rep3.log | .github/task-runs/2026-08-04-rv64-v14q-owner-timing-workload-ab-v1/evidence/owner-timing-workload-ab/logs/dhrystone-owner-timing-rep1.log | .github/task-runs/2026-08-04-rv64-v14q-owner-timing-workload-ab-v1/evidence/owner-timing-workload-ab/logs/dhrystone-owner-timing-rep2.log | .github/task-runs/2026-08-04-rv64-v14q-owner-timing-workload-ab-v1/evidence/owner-timing-workload-ab/logs/dhrystone-owner-timing-rep3.log | .github/task-runs/2026-08-04-rv64-v14q-owner-timing-workload-ab-v1/evidence/owner-timing-workload-ab/arch-stable-pre.log | .github/task-runs/2026-08-04-rv64-v14q-owner-timing-workload-ab-v1/evidence/owner-timing-workload-ab/arch-stable-post.log | .github/task-runs/2026-08-04-rv64-v14q-owner-timing-workload-ab-v1/evidence/owner-timing-workload-ab/performance-baseline-pre.log | .github/task-runs/2026-08-04-rv64-v14q-owner-timing-workload-ab-v1/evidence/owner-timing-workload-ab/performance-baseline-post.log | .github/task-runs/2026-08-04-rv64-v14q-owner-timing-workload-ab-v1/evidence/owner-timing-workload-ab/runtime-cleanup.json | .github/task-runs/2026-08-04-rv64-v14q-owner-timing-invalid-probe-replay-v3/evidence/owner-timing-invalid-probe-replay/command-status.txt | .github/task-runs/2026-08-04-rv64-v14q-owner-timing-invalid-probe-replay-v3/evidence/owner-timing-invalid-probe-replay/result.json	-	sha256:093c2380b997029944aa4462015d83711d7c5f1d52b15b4803c4515a581a7488	每 workload 三次 diagnostic；同 frozen baseline/ROI/config；owner complete/overflow/invalid/conservation 为 hard gate	npc/rv64/eval/ppa/run-owner-timing-workload-ab.sh --run-dir .github/task-runs/2026-08-04-rv64-v14q-owner-timing-workload-ab-v1	workload rc=1；V3 input/build/verify/source-result-identity checks rc=0	CoreMark complete=0/invalid=1176；Dhrystone complete=0/invalid=49993；ARCH_STABLE 与 PERF_BASELINE pre/post 均 PASS；cleanup_rc=0；V3 admission_cancelled=1176、invalid_reason_conservation=true	benchmark PASS 和 baseline 数字存在，但 owner measurement qualified=false；workload task-run 为 FAIL	拒绝消费阶段时长、拒绝授权 RTL candidate；原始 FAIL 保留	支持工作负载门禁发现两类非法事件，以及 V3 对 CoreMark 1176-event 样本的识别和 fail-closed 行为；不表示 CPU 功能失败，也不支持 owner-timing workload 通过、Dhrystone replay 通过或唯一根因	原始 workload log/status、pre/post、cleanup 与冻结 CoreMark invalid-probe replay 可回查	工程五：可审计 CPI/PPA 优化入口；案例四	负向 replay PASS 的对象是成功拒绝不合格量测，不是性能测量 PASS；V3 replay 不外推到 Dhrystone 49993-event 样本
